f_14 1 0.100000 0.300000
f_14 1 0.010000 0.300000
f_14 1 0.001000 0.300000
f_14 1 0.000100 0.300000
f_14 1 0.000010 0.300000
f_14 2 0.100000 0.300000
f_14 2 0.010000 0.300000
f_14 2 0.001000 0.300000
f_14 2 0.000100 0.300000
f_14 2 0.000010 0.300000
f_14 3 0.100000 0.300000
f_14 3 0.010000 0.300000
f_14 3 0.001000 0.300000
f_14 3 0.000100 0.300000
f_14 3 0.000010 0.300000
f_14 4 0.100000 0.300000
f_14 4 0.010000 0.300000
f_14 4 0.001000 0.300000
f_14 4 0.000100 0.300000
f_14 4 0.000010 0.300000
f_14 5 0.100000 0.300000
f_14 5 0.010000 0.300000
f_14 5 0.001000 0.300000
f_14 5 0.000100 0.300000
f_14 5 0.000010 0.300000
f_14 6 0.100000 0.200000
f_14 6 0.010000 0.200000
f_14 6 0.001000 0.200000
f_14 6 0.000100 0.200000
f_14 6 0.000010 0.200000
f_14 7 0.100000 0.300000
f_14 7 0.010000 0.300000
f_14 7 0.001000 0.300000
f_14 7 0.000100 0.300000
f_14 7 0.000010 0.300000
f_14 8 0.100000 0.300000
f_14 8 0.010000 0.300000
f_14 8 0.001000 0.300000
f_14 8 0.000100 0.300000
f_14 8 0.000010 0.300000
f_14 9 0.100000 0.300000
f_14 9 0.010000 0.300000
f_14 9 0.001000 0.300000
f_14 9 0.000100 0.300000
f_14 9 0.000010 0.300000
f_14 10 0.100000 0.300000
f_14 10 0.010000 0.300000
f_14 10 0.001000 0.300000
f_14 10 0.000100 0.300000
f_14 10 0.000010 0.300000
f_14 11 0.100000 0.300000
f_14 11 0.010000 0.300000
f_14 11 0.001000 0.300000
f_14 11 0.000100 0.300000
f_14 11 0.000010 0.300000
f_14 12 0.100000 0.200000
f_14 12 0.010000 0.200000
f_14 12 0.001000 0.200000
f_14 12 0.000100 0.200000
f_14 12 0.000010 0.200000
f_14 13 0.100000 0.300000
f_14 13 0.010000 0.300000
f_14 13 0.001000 0.300000
f_14 13 0.000100 0.300000
f_14 13 0.000010 0.300000
f_14 14 0.100000 0.300000
f_14 14 0.010000 0.300000
f_14 14 0.001000 0.300000
f_14 14 0.000100 0.300000
f_14 14 0.000010 0.300000
f_14 15 0.100000 0.300000
f_14 15 0.010000 0.300000
f_14 15 0.001000 0.300000
f_14 15 0.000100 0.300000
f_14 15 0.000010 0.300000
f_14 16 0.100000 0.300000
f_14 16 0.010000 0.300000
f_14 16 0.001000 0.300000
f_14 16 0.000100 0.300000
f_14 16 0.000010 0.300000
f_14 17 0.100000 0.300000
f_14 17 0.010000 0.300000
f_14 17 0.001000 0.300000
f_14 17 0.000100 0.300000
f_14 17 0.000010 0.300000
f_14 18 0.100000 0.400000
f_14 18 0.010000 0.400000
f_14 18 0.001000 0.400000
f_14 18 0.000100 0.400000
f_14 18 0.000010 0.400000
f_14 19 0.100000 0.300000
f_14 19 0.010000 0.300000
f_14 19 0.001000 0.300000
f_14 19 0.000100 0.300000
f_14 19 0.000010 0.300000
f_14 20 0.100000 0.300000
f_14 20 0.010000 0.300000
f_14 20 0.001000 0.300000
f_14 20 0.000100 0.300000
f_14 20 0.000010 0.300000
f_14 21 0.100000 0.300000
f_14 21 0.010000 0.300000
f_14 21 0.001000 0.300000
f_14 21 0.000100 0.300000
f_14 21 0.000010 0.300000
f_14 22 0.100000 0.400000
f_14 22 0.010000 0.400000
f_14 22 0.001000 0.400000
f_14 22 0.000100 0.400000
f_14 22 0.000010 0.400000
f_14 23 0.100000 0.300000
f_14 23 0.010000 0.300000
f_14 23 0.001000 0.300000
f_14 23 0.000100 0.300000
f_14 23 0.000010 0.300000
f_14 24 0.100000 0.300000
f_14 24 0.010000 0.300000
f_14 24 0.001000 0.300000
f_14 24 0.000100 0.300000
f_14 24 0.000010 0.300000
f_14 25 0.100000 0.300000
f_14 25 0.010000 0.300000
f_14 25 0.001000 0.300000
f_14 25 0.000100 0.300000
f_14 25 0.000010 0.300000
