f_4 1 0.100000 1.000000
f_4 1 0.010000 1.000000
f_4 1 0.001000 1.000000
f_4 1 0.000100 1.000000
f_4 1 0.000010 1.000000
f_4 2 0.100000 1.000000
f_4 2 0.010000 1.000000
f_4 2 0.001000 1.000000
f_4 2 0.000100 1.000000
f_4 2 0.000010 0.500000
f_4 3 0.100000 1.000000
f_4 3 0.010000 1.000000
f_4 3 0.001000 1.000000
f_4 3 0.000100 1.000000
f_4 3 0.000010 1.000000
f_4 4 0.100000 1.000000
f_4 4 0.010000 1.000000
f_4 4 0.001000 1.000000
f_4 4 0.000100 1.000000
f_4 4 0.000010 0.500000
f_4 5 0.100000 1.000000
f_4 5 0.010000 1.000000
f_4 5 0.001000 1.000000
f_4 5 0.000100 1.000000
f_4 5 0.000010 1.000000
f_4 6 0.100000 1.000000
f_4 6 0.010000 1.000000
f_4 6 0.001000 1.000000
f_4 6 0.000100 1.000000
f_4 6 0.000010 1.000000
f_4 7 0.100000 1.000000
f_4 7 0.010000 1.000000
f_4 7 0.001000 1.000000
f_4 7 0.000100 1.000000
f_4 7 0.000010 0.500000
f_4 8 0.100000 1.000000
f_4 8 0.010000 1.000000
f_4 8 0.001000 1.000000
f_4 8 0.000100 1.000000
f_4 8 0.000010 1.000000
f_4 9 0.100000 1.000000
f_4 9 0.010000 1.000000
f_4 9 0.001000 1.000000
f_4 9 0.000100 1.000000
f_4 9 0.000010 1.000000
f_4 10 0.100000 1.000000
f_4 10 0.010000 1.000000
f_4 10 0.001000 1.000000
f_4 10 0.000100 1.000000
f_4 10 0.000010 1.000000
f_4 11 0.100000 1.000000
f_4 11 0.010000 1.000000
f_4 11 0.001000 1.000000
f_4 11 0.000100 1.000000
f_4 11 0.000010 1.000000
f_4 12 0.100000 1.000000
f_4 12 0.010000 1.000000
f_4 12 0.001000 1.000000
f_4 12 0.000100 1.000000
f_4 12 0.000010 1.000000
f_4 13 0.100000 1.000000
f_4 13 0.010000 1.000000
f_4 13 0.001000 1.000000
f_4 13 0.000100 1.000000
f_4 13 0.000010 1.000000
f_4 14 0.100000 1.000000
f_4 14 0.010000 1.000000
f_4 14 0.001000 1.000000
f_4 14 0.000100 1.000000
f_4 14 0.000010 1.000000
f_4 15 0.100000 1.000000
f_4 15 0.010000 1.000000
f_4 15 0.001000 1.000000
f_4 15 0.000100 1.000000
f_4 15 0.000010 1.000000
f_4 16 0.100000 1.000000
f_4 16 0.010000 1.000000
f_4 16 0.001000 1.000000
f_4 16 0.000100 1.000000
f_4 16 0.000010 1.000000
f_4 17 0.100000 1.000000
f_4 17 0.010000 1.000000
f_4 17 0.001000 1.000000
f_4 17 0.000100 1.000000
f_4 17 0.000010 1.000000
f_4 18 0.100000 1.000000
f_4 18 0.010000 1.000000
f_4 18 0.001000 1.000000
f_4 18 0.000100 1.000000
f_4 18 0.000010 1.000000
f_4 19 0.100000 1.000000
f_4 19 0.010000 1.000000
f_4 19 0.001000 1.000000
f_4 19 0.000100 1.000000
f_4 19 0.000010 1.000000
f_4 20 0.100000 1.000000
f_4 20 0.010000 1.000000
f_4 20 0.001000 1.000000
f_4 20 0.000100 1.000000
f_4 20 0.000010 1.000000
f_4 21 0.100000 1.000000
f_4 21 0.010000 1.000000
f_4 21 0.001000 1.000000
f_4 21 0.000100 1.000000
f_4 21 0.000010 1.000000
f_4 22 0.100000 1.000000
f_4 22 0.010000 1.000000
f_4 22 0.001000 1.000000
f_4 22 0.000100 1.000000
f_4 22 0.000010 1.000000
f_4 23 0.100000 1.000000
f_4 23 0.010000 1.000000
f_4 23 0.001000 1.000000
f_4 23 0.000100 1.000000
f_4 23 0.000010 1.000000
f_4 24 0.100000 1.000000
f_4 24 0.010000 1.000000
f_4 24 0.001000 1.000000
f_4 24 0.000100 1.000000
f_4 24 0.000010 1.000000
f_4 25 0.100000 1.000000
f_4 25 0.010000 1.000000
f_4 25 0.001000 1.000000
f_4 25 0.000100 1.000000
f_4 25 0.000010 1.000000
