f_9 1 0.100000 0.250000
f_9 1 0.010000 0.156250
f_9 1 0.001000 0.125000
f_9 1 0.000100 0.031250
f_9 1 0.000010 0.000000
f_9 2 0.100000 0.062500
f_9 2 0.010000 0.000000
f_9 2 0.001000 0.000000
f_9 2 0.000100 0.000000
f_9 2 0.000010 0.000000
f_9 3 0.100000 0.250000
f_9 3 0.010000 0.125000
f_9 3 0.001000 0.093750
f_9 3 0.000100 0.062500
f_9 3 0.000010 0.000000
f_9 4 0.100000 0.250000
f_9 4 0.010000 0.187500
f_9 4 0.001000 0.062500
f_9 4 0.000100 0.031250
f_9 4 0.000010 0.000000
f_9 5 0.100000 0.250000
f_9 5 0.010000 0.218750
f_9 5 0.001000 0.187500
f_9 5 0.000100 0.093750
f_9 5 0.000010 0.000000
f_9 6 0.100000 0.281250
f_9 6 0.010000 0.218750
f_9 6 0.001000 0.062500
f_9 6 0.000100 0.000000
f_9 6 0.000010 0.000000
f_9 7 0.100000 0.250000
f_9 7 0.010000 0.250000
f_9 7 0.001000 0.093750
f_9 7 0.000100 0.062500
f_9 7 0.000010 0.031250
f_9 8 0.100000 0.250000
f_9 8 0.010000 0.156250
f_9 8 0.001000 0.062500
f_9 8 0.000100 0.031250
f_9 8 0.000010 0.000000
f_9 9 0.100000 0.281250
f_9 9 0.010000 0.125000
f_9 9 0.001000 0.031250
f_9 9 0.000100 0.000000
f_9 9 0.000010 0.000000
f_9 10 0.100000 0.187500
f_9 10 0.010000 0.187500
f_9 10 0.001000 0.187500
f_9 10 0.000100 0.000000
f_9 10 0.000010 0.000000
f_9 11 0.100000 0.281250
f_9 11 0.010000 0.218750
f_9 11 0.001000 0.125000
f_9 11 0.000100 0.000000
f_9 11 0.000010 0.000000
f_9 12 0.100000 0.281250
f_9 12 0.010000 0.281250
f_9 12 0.001000 0.250000
f_9 12 0.000100 0.062500
f_9 12 0.000010 0.031250
f_9 13 0.100000 0.218750
f_9 13 0.010000 0.187500
f_9 13 0.001000 0.125000
f_9 13 0.000100 0.031250
f_9 13 0.000010 0.031250
f_9 14 0.100000 0.218750
f_9 14 0.010000 0.218750
f_9 14 0.001000 0.125000
f_9 14 0.000100 0.031250
f_9 14 0.000010 0.000000
f_9 15 0.100000 0.281250
f_9 15 0.010000 0.187500
f_9 15 0.001000 0.156250
f_9 15 0.000100 0.031250
f_9 15 0.000010 0.031250
f_9 16 0.100000 0.218750
f_9 16 0.010000 0.187500
f_9 16 0.001000 0.062500
f_9 16 0.000100 0.000000
f_9 16 0.000010 0.000000
f_9 17 0.100000 0.218750
f_9 17 0.010000 0.218750
f_9 17 0.001000 0.093750
f_9 17 0.000100 0.000000
f_9 17 0.000010 0.000000
f_9 18 0.100000 0.187500
f_9 18 0.010000 0.187500
f_9 18 0.001000 0.187500
f_9 18 0.000100 0.093750
f_9 18 0.000010 0.031250
f_9 19 0.100000 0.218750
f_9 19 0.010000 0.187500
f_9 19 0.001000 0.062500
f_9 19 0.000100 0.000000
f_9 19 0.000010 0.000000
f_9 20 0.100000 0.218750
f_9 20 0.010000 0.218750
f_9 20 0.001000 0.093750
f_9 20 0.000100 0.000000
f_9 20 0.000010 0.000000
f_9 21 0.100000 0.250000
f_9 21 0.010000 0.250000
f_9 21 0.001000 0.093750
f_9 21 0.000100 0.031250
f_9 21 0.000010 0.000000
f_9 22 0.100000 0.187500
f_9 22 0.010000 0.156250
f_9 22 0.001000 0.031250
f_9 22 0.000100 0.000000
f_9 22 0.000010 0.000000
f_9 23 0.100000 0.187500
f_9 23 0.010000 0.187500
f_9 23 0.001000 0.125000
f_9 23 0.000100 0.093750
f_9 23 0.000010 0.031250
f_9 24 0.100000 0.218750
f_9 24 0.010000 0.218750
f_9 24 0.001000 0.156250
f_9 24 0.000100 0.000000
f_9 24 0.000010 0.000000
f_9 25 0.100000 0.281250
f_9 25 0.010000 0.281250
f_9 25 0.001000 0.250000
f_9 25 0.000100 0.093750
f_9 25 0.000010 0.000000
