f_15 1 0.100000 0.375000
f_15 1 0.010000 0.375000
f_15 1 0.001000 0.375000
f_15 1 0.000100 0.250000
f_15 1 0.000010 0.250000
f_15 2 0.100000 0.500000
f_15 2 0.010000 0.500000
f_15 2 0.001000 0.500000
f_15 2 0.000100 0.375000
f_15 2 0.000010 0.375000
f_15 3 0.100000 0.500000
f_15 3 0.010000 0.375000
f_15 3 0.001000 0.375000
f_15 3 0.000100 0.125000
f_15 3 0.000010 0.125000
f_15 4 0.100000 0.500000
f_15 4 0.010000 0.500000
f_15 4 0.001000 0.500000
f_15 4 0.000100 0.500000
f_15 4 0.000010 0.500000
f_15 5 0.100000 0.500000
f_15 5 0.010000 0.500000
f_15 5 0.001000 0.375000
f_15 5 0.000100 0.250000
f_15 5 0.000010 0.125000
f_15 6 0.100000 0.500000
f_15 6 0.010000 0.500000
f_15 6 0.001000 0.500000
f_15 6 0.000100 0.250000
f_15 6 0.000010 0.250000
f_15 7 0.100000 0.375000
f_15 7 0.010000 0.375000
f_15 7 0.001000 0.375000
f_15 7 0.000100 0.375000
f_15 7 0.000010 0.375000
f_15 8 0.100000 0.625000
f_15 8 0.010000 0.500000
f_15 8 0.001000 0.500000
f_15 8 0.000100 0.250000
f_15 8 0.000010 0.250000
f_15 9 0.100000 0.500000
f_15 9 0.010000 0.500000
f_15 9 0.001000 0.500000
f_15 9 0.000100 0.500000
f_15 9 0.000010 0.500000
f_15 10 0.100000 1.000000
f_15 10 0.010000 0.250000
f_15 10 0.001000 0.000000
f_15 10 0.000100 0.000000
f_15 10 0.000010 0.000000
f_15 11 0.100000 0.375000
f_15 11 0.010000 0.375000
f_15 11 0.001000 0.375000
f_15 11 0.000100 0.375000
f_15 11 0.000010 0.375000
f_15 12 0.100000 0.500000
f_15 12 0.010000 0.375000
f_15 12 0.001000 0.375000
f_15 12 0.000100 0.250000
f_15 12 0.000010 0.250000
f_15 13 0.100000 0.500000
f_15 13 0.010000 0.500000
f_15 13 0.001000 0.500000
f_15 13 0.000100 0.375000
f_15 13 0.000010 0.375000
f_15 14 0.100000 0.500000
f_15 14 0.010000 0.500000
f_15 14 0.001000 0.500000
f_15 14 0.000100 0.375000
f_15 14 0.000010 0.375000
f_15 15 0.100000 0.375000
f_15 15 0.010000 0.375000
f_15 15 0.001000 0.375000
f_15 15 0.000100 0.375000
f_15 15 0.000010 0.375000
f_15 16 0.100000 0.625000
f_15 16 0.010000 0.625000
f_15 16 0.001000 0.625000
f_15 16 0.000100 0.500000
f_15 16 0.000010 0.375000
f_15 17 0.100000 0.625000
f_15 17 0.010000 0.625000
f_15 17 0.001000 0.625000
f_15 17 0.000100 0.625000
f_15 17 0.000010 0.625000
f_15 18 0.100000 0.500000
f_15 18 0.010000 0.500000
f_15 18 0.001000 0.375000
f_15 18 0.000100 0.250000
f_15 18 0.000010 0.250000
f_15 19 0.100000 0.500000
f_15 19 0.010000 0.500000
f_15 19 0.001000 0.500000
f_15 19 0.000100 0.375000
f_15 19 0.000010 0.375000
f_15 20 0.100000 0.375000
f_15 20 0.010000 0.375000
f_15 20 0.001000 0.375000
f_15 20 0.000100 0.375000
f_15 20 0.000010 0.375000
f_15 21 0.100000 0.500000
f_15 21 0.010000 0.500000
f_15 21 0.001000 0.500000
f_15 21 0.000100 0.500000
f_15 21 0.000010 0.500000
f_15 22 0.100000 0.375000
f_15 22 0.010000 0.375000
f_15 22 0.001000 0.375000
f_15 22 0.000100 0.375000
f_15 22 0.000010 0.375000
f_15 23 0.100000 0.500000
f_15 23 0.010000 0.500000
f_15 23 0.001000 0.500000
f_15 23 0.000100 0.250000
f_15 23 0.000010 0.250000
f_15 24 0.100000 0.500000
f_15 24 0.010000 0.500000
f_15 24 0.001000 0.500000
f_15 24 0.000100 0.375000
f_15 24 0.000010 0.375000
f_15 25 0.100000 0.500000
f_15 25 0.010000 0.500000
f_15 25 0.001000 0.500000
f_15 25 0.000100 0.500000
f_15 25 0.000010 0.500000
