f_2 1 0.100000 1.000000
f_2 1 0.010000 1.000000
f_2 1 0.001000 1.000000
f_2 1 0.000100 1.000000
f_2 1 0.000010 1.000000
f_2 2 0.100000 1.000000
f_2 2 0.010000 1.000000
f_2 2 0.001000 1.000000
f_2 2 0.000100 1.000000
f_2 2 0.000010 1.000000
f_2 3 0.100000 1.000000
f_2 3 0.010000 1.000000
f_2 3 0.001000 1.000000
f_2 3 0.000100 1.000000
f_2 3 0.000010 1.000000
f_2 4 0.100000 1.000000
f_2 4 0.010000 1.000000
f_2 4 0.001000 1.000000
f_2 4 0.000100 1.000000
f_2 4 0.000010 1.000000
f_2 5 0.100000 1.000000
f_2 5 0.010000 1.000000
f_2 5 0.001000 1.000000
f_2 5 0.000100 1.000000
f_2 5 0.000010 1.000000
f_2 6 0.100000 1.000000
f_2 6 0.010000 1.000000
f_2 6 0.001000 1.000000
f_2 6 0.000100 1.000000
f_2 6 0.000010 1.000000
f_2 7 0.100000 1.000000
f_2 7 0.010000 1.000000
f_2 7 0.001000 1.000000
f_2 7 0.000100 1.000000
f_2 7 0.000010 1.000000
f_2 8 0.100000 1.000000
f_2 8 0.010000 1.000000
f_2 8 0.001000 1.000000
f_2 8 0.000100 1.000000
f_2 8 0.000010 1.000000
f_2 9 0.100000 1.000000
f_2 9 0.010000 1.000000
f_2 9 0.001000 1.000000
f_2 9 0.000100 1.000000
f_2 9 0.000010 1.000000
f_2 10 0.100000 1.000000
f_2 10 0.010000 1.000000
f_2 10 0.001000 1.000000
f_2 10 0.000100 1.000000
f_2 10 0.000010 1.000000
f_2 11 0.100000 1.000000
f_2 11 0.010000 1.000000
f_2 11 0.001000 1.000000
f_2 11 0.000100 1.000000
f_2 11 0.000010 1.000000
f_2 12 0.100000 1.000000
f_2 12 0.010000 1.000000
f_2 12 0.001000 1.000000
f_2 12 0.000100 1.000000
f_2 12 0.000010 1.000000
f_2 13 0.100000 1.000000
f_2 13 0.010000 1.000000
f_2 13 0.001000 1.000000
f_2 13 0.000100 1.000000
f_2 13 0.000010 1.000000
f_2 14 0.100000 1.000000
f_2 14 0.010000 1.000000
f_2 14 0.001000 1.000000
f_2 14 0.000100 1.000000
f_2 14 0.000010 1.000000
f_2 15 0.100000 1.000000
f_2 15 0.010000 1.000000
f_2 15 0.001000 1.000000
f_2 15 0.000100 1.000000
f_2 15 0.000010 1.000000
f_2 16 0.100000 1.000000
f_2 16 0.010000 1.000000
f_2 16 0.001000 1.000000
f_2 16 0.000100 1.000000
f_2 16 0.000010 1.000000
f_2 17 0.100000 1.000000
f_2 17 0.010000 1.000000
f_2 17 0.001000 1.000000
f_2 17 0.000100 1.000000
f_2 17 0.000010 1.000000
f_2 18 0.100000 1.000000
f_2 18 0.010000 1.000000
f_2 18 0.001000 1.000000
f_2 18 0.000100 1.000000
f_2 18 0.000010 1.000000
f_2 19 0.100000 1.000000
f_2 19 0.010000 1.000000
f_2 19 0.001000 1.000000
f_2 19 0.000100 1.000000
f_2 19 0.000010 1.000000
f_2 20 0.100000 1.000000
f_2 20 0.010000 1.000000
f_2 20 0.001000 1.000000
f_2 20 0.000100 1.000000
f_2 20 0.000010 1.000000
f_2 21 0.100000 1.000000
f_2 21 0.010000 1.000000
f_2 21 0.001000 1.000000
f_2 21 0.000100 1.000000
f_2 21 0.000010 1.000000
f_2 22 0.100000 1.000000
f_2 22 0.010000 1.000000
f_2 22 0.001000 1.000000
f_2 22 0.000100 1.000000
f_2 22 0.000010 1.000000
f_2 23 0.100000 1.000000
f_2 23 0.010000 1.000000
f_2 23 0.001000 1.000000
f_2 23 0.000100 1.000000
f_2 23 0.000010 1.000000
f_2 24 0.100000 1.000000
f_2 24 0.010000 1.000000
f_2 24 0.001000 1.000000
f_2 24 0.000100 1.000000
f_2 24 0.000010 1.000000
f_2 25 0.100000 1.000000
f_2 25 0.010000 1.000000
f_2 25 0.001000 1.000000
f_2 25 0.000100 1.000000
f_2 25 0.000010 1.000000
