f_12 1 0.100000 0.000000
f_12 1 0.010000 0.000000
f_12 1 0.001000 0.000000
f_12 1 0.000100 0.000000
f_12 1 0.000010 0.000000
f_12 2 0.100000 0.000000
f_12 2 0.010000 0.000000
f_12 2 0.001000 0.000000
f_12 2 0.000100 0.000000
f_12 2 0.000010 0.000000
f_12 3 0.100000 0.250000
f_12 3 0.010000 0.250000
f_12 3 0.001000 0.250000
f_12 3 0.000100 0.250000
f_12 3 0.000010 0.250000
f_12 4 0.100000 0.250000
f_12 4 0.010000 0.250000
f_12 4 0.001000 0.250000
f_12 4 0.000100 0.250000
f_12 4 0.000010 0.250000
f_12 5 0.100000 0.250000
f_12 5 0.010000 0.250000
f_12 5 0.001000 0.250000
f_12 5 0.000100 0.250000
f_12 5 0.000010 0.250000
f_12 6 0.100000 0.250000
f_12 6 0.010000 0.250000
f_12 6 0.001000 0.250000
f_12 6 0.000100 0.250000
f_12 6 0.000010 0.250000
f_12 7 0.100000 0.250000
f_12 7 0.010000 0.250000
f_12 7 0.001000 0.250000
f_12 7 0.000100 0.250000
f_12 7 0.000010 0.250000
f_12 8 0.100000 0.500000
f_12 8 0.010000 0.500000
f_12 8 0.001000 0.500000
f_12 8 0.000100 0.500000
f_12 8 0.000010 0.500000
f_12 9 0.100000 0.000000
f_12 9 0.010000 0.000000
f_12 9 0.001000 0.000000
f_12 9 0.000100 0.000000
f_12 9 0.000010 0.000000
f_12 10 0.100000 0.250000
f_12 10 0.010000 0.250000
f_12 10 0.001000 0.250000
f_12 10 0.000100 0.250000
f_12 10 0.000010 0.250000
f_12 11 0.100000 0.500000
f_12 11 0.010000 0.500000
f_12 11 0.001000 0.500000
f_12 11 0.000100 0.500000
f_12 11 0.000010 0.500000
f_12 12 0.100000 0.000000
f_12 12 0.010000 0.000000
f_12 12 0.001000 0.000000
f_12 12 0.000100 0.000000
f_12 12 0.000010 0.000000
f_12 13 0.100000 0.500000
f_12 13 0.010000 0.500000
f_12 13 0.001000 0.500000
f_12 13 0.000100 0.500000
f_12 13 0.000010 0.500000
f_12 14 0.100000 0.500000
f_12 14 0.010000 0.500000
f_12 14 0.001000 0.500000
f_12 14 0.000100 0.500000
f_12 14 0.000010 0.500000
f_12 15 0.100000 0.000000
f_12 15 0.010000 0.000000
f_12 15 0.001000 0.000000
f_12 15 0.000100 0.000000
f_12 15 0.000010 0.000000
f_12 16 0.100000 0.000000
f_12 16 0.010000 0.000000
f_12 16 0.001000 0.000000
f_12 16 0.000100 0.000000
f_12 16 0.000010 0.000000
f_12 17 0.100000 0.250000
f_12 17 0.010000 0.250000
f_12 17 0.001000 0.250000
f_12 17 0.000100 0.250000
f_12 17 0.000010 0.250000
f_12 18 0.100000 0.500000
f_12 18 0.010000 0.500000
f_12 18 0.001000 0.500000
f_12 18 0.000100 0.500000
f_12 18 0.000010 0.500000
f_12 19 0.100000 0.000000
f_12 19 0.010000 0.000000
f_12 19 0.001000 0.000000
f_12 19 0.000100 0.000000
f_12 19 0.000010 0.000000
f_12 20 0.100000 0.000000
f_12 20 0.010000 0.000000
f_12 20 0.001000 0.000000
f_12 20 0.000100 0.000000
f_12 20 0.000010 0.000000
f_12 21 0.100000 0.250000
f_12 21 0.010000 0.250000
f_12 21 0.001000 0.250000
f_12 21 0.000100 0.250000
f_12 21 0.000010 0.250000
f_12 22 0.100000 0.500000
f_12 22 0.010000 0.500000
f_12 22 0.001000 0.500000
f_12 22 0.000100 0.500000
f_12 22 0.000010 0.500000
f_12 23 0.100000 0.250000
f_12 23 0.010000 0.250000
f_12 23 0.001000 0.250000
f_12 23 0.000100 0.250000
f_12 23 0.000010 0.250000
f_12 24 0.100000 0.250000
f_12 24 0.010000 0.250000
f_12 24 0.001000 0.250000
f_12 24 0.000100 0.250000
f_12 24 0.000010 0.250000
f_12 25 0.100000 0.250000
f_12 25 0.010000 0.250000
f_12 25 0.001000 0.250000
f_12 25 0.000100 0.250000
f_12 25 0.000010 0.250000
