f_7 1 0.100000 1.000000
f_7 1 0.010000 0.500000
f_7 1 0.001000 0.500000
f_7 1 0.000100 0.000000
f_7 1 0.000010 0.000000
f_7 2 0.100000 1.000000
f_7 2 0.010000 1.000000
f_7 2 0.001000 0.000000
f_7 2 0.000100 0.000000
f_7 2 0.000010 0.000000
f_7 3 0.100000 1.000000
f_7 3 0.010000 1.000000
f_7 3 0.001000 0.500000
f_7 3 0.000100 0.000000
f_7 3 0.000010 0.000000
f_7 4 0.100000 1.000000
f_7 4 0.010000 1.000000
f_7 4 0.001000 1.000000
f_7 4 0.000100 0.000000
f_7 4 0.000010 0.000000
f_7 5 0.100000 1.000000
f_7 5 0.010000 1.000000
f_7 5 0.001000 0.500000
f_7 5 0.000100 0.000000
f_7 5 0.000010 0.000000
f_7 6 0.100000 1.000000
f_7 6 0.010000 1.000000
f_7 6 0.001000 0.500000
f_7 6 0.000100 0.000000
f_7 6 0.000010 0.000000
f_7 7 0.100000 1.000000
f_7 7 0.010000 1.000000
f_7 7 0.001000 0.500000
f_7 7 0.000100 0.000000
f_7 7 0.000010 0.000000
f_7 8 0.100000 1.000000
f_7 8 0.010000 1.000000
f_7 8 0.001000 0.500000
f_7 8 0.000100 0.000000
f_7 8 0.000010 0.000000
f_7 9 0.100000 1.000000
f_7 9 0.010000 1.000000
f_7 9 0.001000 0.000000
f_7 9 0.000100 0.000000
f_7 9 0.000010 0.000000
f_7 10 0.100000 1.000000
f_7 10 0.010000 1.000000
f_7 10 0.001000 0.500000
f_7 10 0.000100 0.000000
f_7 10 0.000010 0.000000
f_7 11 0.100000 1.000000
f_7 11 0.010000 1.000000
f_7 11 0.001000 1.000000
f_7 11 0.000100 0.000000
f_7 11 0.000010 0.000000
f_7 12 0.100000 1.000000
f_7 12 0.010000 0.500000
f_7 12 0.001000 0.500000
f_7 12 0.000100 0.000000
f_7 12 0.000010 0.000000
f_7 13 0.100000 1.000000
f_7 13 0.010000 1.000000
f_7 13 0.001000 0.500000
f_7 13 0.000100 0.000000
f_7 13 0.000010 0.000000
f_7 14 0.100000 1.000000
f_7 14 0.010000 1.000000
f_7 14 0.001000 0.500000
f_7 14 0.000100 0.000000
f_7 14 0.000010 0.000000
f_7 15 0.100000 1.000000
f_7 15 0.010000 1.000000
f_7 15 0.001000 0.000000
f_7 15 0.000100 0.000000
f_7 15 0.000010 0.000000
f_7 16 0.100000 1.000000
f_7 16 0.010000 1.000000
f_7 16 0.001000 0.500000
f_7 16 0.000100 0.000000
f_7 16 0.000010 0.000000
f_7 17 0.100000 1.000000
f_7 17 0.010000 1.000000
f_7 17 0.001000 0.000000
f_7 17 0.000100 0.000000
f_7 17 0.000010 0.000000
f_7 18 0.100000 1.000000
f_7 18 0.010000 1.000000
f_7 18 0.001000 0.000000
f_7 18 0.000100 0.000000
f_7 18 0.000010 0.000000
f_7 19 0.100000 1.000000
f_7 19 0.010000 1.000000
f_7 19 0.001000 0.500000
f_7 19 0.000100 0.000000
f_7 19 0.000010 0.000000
f_7 20 0.100000 1.000000
f_7 20 0.010000 1.000000
f_7 20 0.001000 0.000000
f_7 20 0.000100 0.000000
f_7 20 0.000010 0.000000
f_7 21 0.100000 1.000000
f_7 21 0.010000 1.000000
f_7 21 0.001000 0.000000
f_7 21 0.000100 0.000000
f_7 21 0.000010 0.000000
f_7 22 0.100000 1.000000
f_7 22 0.010000 1.000000
f_7 22 0.001000 0.000000
f_7 22 0.000100 0.000000
f_7 22 0.000010 0.000000
f_7 23 0.100000 1.000000
f_7 23 0.010000 1.000000
f_7 23 0.001000 1.000000
f_7 23 0.000100 0.000000
f_7 23 0.000010 0.000000
f_7 24 0.100000 1.000000
f_7 24 0.010000 1.000000
f_7 24 0.001000 0.500000
f_7 24 0.000100 0.000000
f_7 24 0.000010 0.000000
f_7 25 0.100000 1.000000
f_7 25 0.010000 1.000000
f_7 25 0.001000 0.500000
f_7 25 0.000100 0.000000
f_7 25 0.000010 0.000000
