f_10 1 0.100000 0.300000
f_10 1 0.010000 0.300000
f_10 1 0.001000 0.300000
f_10 1 0.000100 0.300000
f_10 1 0.000010 0.300000
f_10 2 0.100000 0.300000
f_10 2 0.010000 0.300000
f_10 2 0.001000 0.300000
f_10 2 0.000100 0.300000
f_10 2 0.000010 0.300000
f_10 3 0.100000 0.300000
f_10 3 0.010000 0.300000
f_10 3 0.001000 0.300000
f_10 3 0.000100 0.300000
f_10 3 0.000010 0.300000
f_10 4 0.100000 0.300000
f_10 4 0.010000 0.300000
f_10 4 0.001000 0.300000
f_10 4 0.000100 0.300000
f_10 4 0.000010 0.300000
f_10 5 0.100000 0.300000
f_10 5 0.010000 0.300000
f_10 5 0.001000 0.300000
f_10 5 0.000100 0.300000
f_10 5 0.000010 0.300000
f_10 6 0.100000 0.300000
f_10 6 0.010000 0.300000
f_10 6 0.001000 0.300000
f_10 6 0.000100 0.300000
f_10 6 0.000010 0.300000
f_10 7 0.100000 0.300000
f_10 7 0.010000 0.300000
f_10 7 0.001000 0.300000
f_10 7 0.000100 0.300000
f_10 7 0.000010 0.300000
f_10 8 0.100000 0.200000
f_10 8 0.010000 0.200000
f_10 8 0.001000 0.200000
f_10 8 0.000100 0.200000
f_10 8 0.000010 0.200000
f_10 9 0.100000 0.300000
f_10 9 0.010000 0.300000
f_10 9 0.001000 0.300000
f_10 9 0.000100 0.300000
f_10 9 0.000010 0.300000
f_10 10 0.100000 0.300000
f_10 10 0.010000 0.300000
f_10 10 0.001000 0.300000
f_10 10 0.000100 0.300000
f_10 10 0.000010 0.300000
f_10 11 0.100000 0.300000
f_10 11 0.010000 0.300000
f_10 11 0.001000 0.300000
f_10 11 0.000100 0.300000
f_10 11 0.000010 0.300000
f_10 12 0.100000 0.300000
f_10 12 0.010000 0.300000
f_10 12 0.001000 0.300000
f_10 12 0.000100 0.300000
f_10 12 0.000010 0.300000
f_10 13 0.100000 0.300000
f_10 13 0.010000 0.300000
f_10 13 0.001000 0.300000
f_10 13 0.000100 0.300000
f_10 13 0.000010 0.300000
f_10 14 0.100000 0.300000
f_10 14 0.010000 0.300000
f_10 14 0.001000 0.300000
f_10 14 0.000100 0.300000
f_10 14 0.000010 0.300000
f_10 15 0.100000 0.300000
f_10 15 0.010000 0.300000
f_10 15 0.001000 0.300000
f_10 15 0.000100 0.300000
f_10 15 0.000010 0.300000
f_10 16 0.100000 0.300000
f_10 16 0.010000 0.300000
f_10 16 0.001000 0.300000
f_10 16 0.000100 0.300000
f_10 16 0.000010 0.300000
f_10 17 0.100000 0.300000
f_10 17 0.010000 0.300000
f_10 17 0.001000 0.300000
f_10 17 0.000100 0.300000
f_10 17 0.000010 0.300000
f_10 18 0.100000 0.300000
f_10 18 0.010000 0.300000
f_10 18 0.001000 0.300000
f_10 18 0.000100 0.300000
f_10 18 0.000010 0.300000
f_10 19 0.100000 0.300000
f_10 19 0.010000 0.300000
f_10 19 0.001000 0.300000
f_10 19 0.000100 0.300000
f_10 19 0.000010 0.300000
f_10 20 0.100000 0.300000
f_10 20 0.010000 0.300000
f_10 20 0.001000 0.300000
f_10 20 0.000100 0.300000
f_10 20 0.000010 0.300000
f_10 21 0.100000 0.300000
f_10 21 0.010000 0.300000
f_10 21 0.001000 0.300000
f_10 21 0.000100 0.300000
f_10 21 0.000010 0.300000
f_10 22 0.100000 0.300000
f_10 22 0.010000 0.300000
f_10 22 0.001000 0.300000
f_10 22 0.000100 0.300000
f_10 22 0.000010 0.300000
f_10 23 0.100000 0.300000
f_10 23 0.010000 0.300000
f_10 23 0.001000 0.300000
f_10 23 0.000100 0.300000
f_10 23 0.000010 0.300000
f_10 24 0.100000 0.300000
f_10 24 0.010000 0.300000
f_10 24 0.001000 0.300000
f_10 24 0.000100 0.300000
f_10 24 0.000010 0.300000
f_10 25 0.100000 0.300000
f_10 25 0.010000 0.300000
f_10 25 0.001000 0.300000
f_10 25 0.000100 0.300000
f_10 25 0.000010 0.300000
