f_18 1 0.100000 0.000000
f_18 1 0.010000 0.000000
f_18 1 0.001000 0.000000
f_18 1 0.000100 0.000000
f_18 1 0.000010 0.000000
f_18 2 0.100000 0.000000
f_18 2 0.010000 0.000000
f_18 2 0.001000 0.000000
f_18 2 0.000100 0.000000
f_18 2 0.000010 0.000000
f_18 3 0.100000 0.015625
f_18 3 0.010000 0.000000
f_18 3 0.001000 0.000000
f_18 3 0.000100 0.000000
f_18 3 0.000010 0.000000
f_18 4 0.100000 0.000000
f_18 4 0.010000 0.000000
f_18 4 0.001000 0.000000
f_18 4 0.000100 0.000000
f_18 4 0.000010 0.000000
f_18 5 0.100000 0.000000
f_18 5 0.010000 0.000000
f_18 5 0.001000 0.000000
f_18 5 0.000100 0.000000
f_18 5 0.000010 0.000000
f_18 6 0.100000 0.000000
f_18 6 0.010000 0.000000
f_18 6 0.001000 0.000000
f_18 6 0.000100 0.000000
f_18 6 0.000010 0.000000
f_18 7 0.100000 0.000000
f_18 7 0.010000 0.000000
f_18 7 0.001000 0.000000
f_18 7 0.000100 0.000000
f_18 7 0.000010 0.000000
f_18 8 0.100000 0.000000
f_18 8 0.010000 0.000000
f_18 8 0.001000 0.000000
f_18 8 0.000100 0.000000
f_18 8 0.000010 0.000000
f_18 9 0.100000 0.000000
f_18 9 0.010000 0.000000
f_18 9 0.001000 0.000000
f_18 9 0.000100 0.000000
f_18 9 0.000010 0.000000
f_18 10 0.100000 0.000000
f_18 10 0.010000 0.000000
f_18 10 0.001000 0.000000
f_18 10 0.000100 0.000000
f_18 10 0.000010 0.000000
f_18 11 0.100000 0.015625
f_18 11 0.010000 0.000000
f_18 11 0.001000 0.000000
f_18 11 0.000100 0.000000
f_18 11 0.000010 0.000000
f_18 12 0.100000 0.000000
f_18 12 0.010000 0.000000
f_18 12 0.001000 0.000000
f_18 12 0.000100 0.000000
f_18 12 0.000010 0.000000
f_18 13 0.100000 0.000000
f_18 13 0.010000 0.000000
f_18 13 0.001000 0.000000
f_18 13 0.000100 0.000000
f_18 13 0.000010 0.000000
f_18 14 0.100000 0.000000
f_18 14 0.010000 0.000000
f_18 14 0.001000 0.000000
f_18 14 0.000100 0.000000
f_18 14 0.000010 0.000000
f_18 15 0.100000 0.000000
f_18 15 0.010000 0.000000
f_18 15 0.001000 0.000000
f_18 15 0.000100 0.000000
f_18 15 0.000010 0.000000
f_18 16 0.100000 0.000000
f_18 16 0.010000 0.000000
f_18 16 0.001000 0.000000
f_18 16 0.000100 0.000000
f_18 16 0.000010 0.000000
f_18 17 0.100000 0.000000
f_18 17 0.010000 0.000000
f_18 17 0.001000 0.000000
f_18 17 0.000100 0.000000
f_18 17 0.000010 0.000000
f_18 18 0.100000 0.000000
f_18 18 0.010000 0.000000
f_18 18 0.001000 0.000000
f_18 18 0.000100 0.000000
f_18 18 0.000010 0.000000
f_18 19 0.100000 0.000000
f_18 19 0.010000 0.000000
f_18 19 0.001000 0.000000
f_18 19 0.000100 0.000000
f_18 19 0.000010 0.000000
f_18 20 0.100000 0.000000
f_18 20 0.010000 0.000000
f_18 20 0.001000 0.000000
f_18 20 0.000100 0.000000
f_18 20 0.000010 0.000000
f_18 21 0.100000 0.000000
f_18 21 0.010000 0.000000
f_18 21 0.001000 0.000000
f_18 21 0.000100 0.000000
f_18 21 0.000010 0.000000
f_18 22 0.100000 0.000000
f_18 22 0.010000 0.000000
f_18 22 0.001000 0.000000
f_18 22 0.000100 0.000000
f_18 22 0.000010 0.000000
f_18 23 0.100000 0.000000
f_18 23 0.010000 0.000000
f_18 23 0.001000 0.000000
f_18 23 0.000100 0.000000
f_18 23 0.000010 0.000000
f_18 24 0.100000 0.093750
f_18 24 0.010000 0.046875
f_18 24 0.001000 0.000000
f_18 24 0.000100 0.000000
f_18 24 0.000010 0.000000
f_18 25 0.100000 0.000000
f_18 25 0.010000 0.000000
f_18 25 0.001000 0.000000
f_18 25 0.000100 0.000000
f_18 25 0.000010 0.000000
