f_3 1 0.100000 0.750000
f_3 1 0.010000 0.750000
f_3 1 0.001000 0.750000
f_3 1 0.000100 0.750000
f_3 1 0.000010 0.750000
f_3 2 0.100000 0.750000
f_3 2 0.010000 0.750000
f_3 2 0.001000 0.750000
f_3 2 0.000100 0.750000
f_3 2 0.000010 0.750000
f_3 3 0.100000 0.750000
f_3 3 0.010000 0.750000
f_3 3 0.001000 0.750000
f_3 3 0.000100 0.750000
f_3 3 0.000010 0.750000
f_3 4 0.100000 1.000000
f_3 4 0.010000 1.000000
f_3 4 0.001000 1.000000
f_3 4 0.000100 1.000000
f_3 4 0.000010 1.000000
f_3 5 0.100000 0.750000
f_3 5 0.010000 0.750000
f_3 5 0.001000 0.750000
f_3 5 0.000100 0.750000
f_3 5 0.000010 0.750000
f_3 6 0.100000 1.000000
f_3 6 0.010000 1.000000
f_3 6 0.001000 1.000000
f_3 6 0.000100 1.000000
f_3 6 0.000010 1.000000
f_3 7 0.100000 1.000000
f_3 7 0.010000 1.000000
f_3 7 0.001000 1.000000
f_3 7 0.000100 1.000000
f_3 7 0.000010 1.000000
f_3 8 0.100000 0.750000
f_3 8 0.010000 0.750000
f_3 8 0.001000 0.750000
f_3 8 0.000100 0.750000
f_3 8 0.000010 0.750000
f_3 9 0.100000 1.000000
f_3 9 0.010000 1.000000
f_3 9 0.001000 1.000000
f_3 9 0.000100 1.000000
f_3 9 0.000010 1.000000
f_3 10 0.100000 1.000000
f_3 10 0.010000 1.000000
f_3 10 0.001000 1.000000
f_3 10 0.000100 1.000000
f_3 10 0.000010 1.000000
f_3 11 0.100000 0.750000
f_3 11 0.010000 0.750000
f_3 11 0.001000 0.750000
f_3 11 0.000100 0.750000
f_3 11 0.000010 0.750000
f_3 12 0.100000 0.750000
f_3 12 0.010000 0.750000
f_3 12 0.001000 0.750000
f_3 12 0.000100 0.750000
f_3 12 0.000010 0.750000
f_3 13 0.100000 1.000000
f_3 13 0.010000 1.000000
f_3 13 0.001000 1.000000
f_3 13 0.000100 1.000000
f_3 13 0.000010 1.000000
f_3 14 0.100000 1.000000
f_3 14 0.010000 1.000000
f_3 14 0.001000 1.000000
f_3 14 0.000100 1.000000
f_3 14 0.000010 1.000000
f_3 15 0.100000 0.750000
f_3 15 0.010000 0.750000
f_3 15 0.001000 0.750000
f_3 15 0.000100 0.750000
f_3 15 0.000010 0.750000
f_3 16 0.100000 0.750000
f_3 16 0.010000 0.750000
f_3 16 0.001000 0.750000
f_3 16 0.000100 0.750000
f_3 16 0.000010 0.750000
f_3 17 0.100000 0.500000
f_3 17 0.010000 0.500000
f_3 17 0.001000 0.500000
f_3 17 0.000100 0.500000
f_3 17 0.000010 0.500000
f_3 18 0.100000 0.750000
f_3 18 0.010000 0.750000
f_3 18 0.001000 0.750000
f_3 18 0.000100 0.750000
f_3 18 0.000010 0.750000
f_3 19 0.100000 1.000000
f_3 19 0.010000 1.000000
f_3 19 0.001000 1.000000
f_3 19 0.000100 1.000000
f_3 19 0.000010 1.000000
f_3 20 0.100000 0.750000
f_3 20 0.010000 0.750000
f_3 20 0.001000 0.750000
f_3 20 0.000100 0.750000
f_3 20 0.000010 0.750000
f_3 21 0.100000 0.750000
f_3 21 0.010000 0.750000
f_3 21 0.001000 0.750000
f_3 21 0.000100 0.750000
f_3 21 0.000010 0.750000
f_3 22 0.100000 1.000000
f_3 22 0.010000 1.000000
f_3 22 0.001000 1.000000
f_3 22 0.000100 1.000000
f_3 22 0.000010 1.000000
f_3 23 0.100000 0.750000
f_3 23 0.010000 0.750000
f_3 23 0.001000 0.750000
f_3 23 0.000100 0.750000
f_3 23 0.000010 0.750000
f_3 24 0.100000 0.750000
f_3 24 0.010000 0.750000
f_3 24 0.001000 0.750000
f_3 24 0.000100 0.750000
f_3 24 0.000010 0.750000
f_3 25 0.100000 0.750000
f_3 25 0.010000 0.750000
f_3 25 0.001000 0.750000
f_3 25 0.000100 0.750000
f_3 25 0.000010 0.750000
