f_5 1 0.100000 0.625000
f_5 1 0.010000 0.625000
f_5 1 0.001000 0.625000
f_5 1 0.000100 0.625000
f_5 1 0.000010 0.625000
f_5 2 0.100000 0.625000
f_5 2 0.010000 0.625000
f_5 2 0.001000 0.625000
f_5 2 0.000100 0.625000
f_5 2 0.000010 0.625000
f_5 3 0.100000 0.750000
f_5 3 0.010000 0.750000
f_5 3 0.001000 0.750000
f_5 3 0.000100 0.750000
f_5 3 0.000010 0.625000
f_5 4 0.100000 0.875000
f_5 4 0.010000 0.875000
f_5 4 0.001000 0.875000
f_5 4 0.000100 0.875000
f_5 4 0.000010 0.875000
f_5 5 0.100000 0.750000
f_5 5 0.010000 0.750000
f_5 5 0.001000 0.750000
f_5 5 0.000100 0.750000
f_5 5 0.000010 0.750000
f_5 6 0.100000 0.750000
f_5 6 0.010000 0.750000
f_5 6 0.001000 0.750000
f_5 6 0.000100 0.750000
f_5 6 0.000010 0.750000
f_5 7 0.100000 0.625000
f_5 7 0.010000 0.625000
f_5 7 0.001000 0.625000
f_5 7 0.000100 0.625000
f_5 7 0.000010 0.625000
f_5 8 0.100000 0.625000
f_5 8 0.010000 0.625000
f_5 8 0.001000 0.625000
f_5 8 0.000100 0.625000
f_5 8 0.000010 0.500000
f_5 9 0.100000 0.750000
f_5 9 0.010000 0.750000
f_5 9 0.001000 0.750000
f_5 9 0.000100 0.750000
f_5 9 0.000010 0.750000
f_5 10 0.100000 0.875000
f_5 10 0.010000 0.875000
f_5 10 0.001000 0.875000
f_5 10 0.000100 0.500000
f_5 10 0.000010 0.250000
f_5 11 0.100000 0.875000
f_5 11 0.010000 0.875000
f_5 11 0.001000 0.875000
f_5 11 0.000100 0.625000
f_5 11 0.000010 0.375000
f_5 12 0.100000 0.375000
f_5 12 0.010000 0.375000
f_5 12 0.001000 0.375000
f_5 12 0.000100 0.375000
f_5 12 0.000010 0.375000
f_5 13 0.100000 0.875000
f_5 13 0.010000 0.875000
f_5 13 0.001000 0.875000
f_5 13 0.000100 0.875000
f_5 13 0.000010 0.875000
f_5 14 0.100000 0.625000
f_5 14 0.010000 0.625000
f_5 14 0.001000 0.625000
f_5 14 0.000100 0.625000
f_5 14 0.000010 0.625000
f_5 15 0.100000 0.625000
f_5 15 0.010000 0.625000
f_5 15 0.001000 0.625000
f_5 15 0.000100 0.625000
f_5 15 0.000010 0.625000
f_5 16 0.100000 0.625000
f_5 16 0.010000 0.625000
f_5 16 0.001000 0.625000
f_5 16 0.000100 0.625000
f_5 16 0.000010 0.625000
f_5 17 0.100000 0.625000
f_5 17 0.010000 0.625000
f_5 17 0.001000 0.625000
f_5 17 0.000100 0.625000
f_5 17 0.000010 0.625000
f_5 18 0.100000 0.750000
f_5 18 0.010000 0.750000
f_5 18 0.001000 0.750000
f_5 18 0.000100 0.750000
f_5 18 0.000010 0.500000
f_5 19 0.100000 0.875000
f_5 19 0.010000 0.875000
f_5 19 0.001000 0.875000
f_5 19 0.000100 0.875000
f_5 19 0.000010 0.875000
f_5 20 0.100000 0.875000
f_5 20 0.010000 0.875000
f_5 20 0.001000 0.875000
f_5 20 0.000100 0.875000
f_5 20 0.000010 0.875000
f_5 21 0.100000 0.750000
f_5 21 0.010000 0.750000
f_5 21 0.001000 0.750000
f_5 21 0.000100 0.750000
f_5 21 0.000010 0.750000
f_5 22 0.100000 0.750000
f_5 22 0.010000 0.750000
f_5 22 0.001000 0.750000
f_5 22 0.000100 0.500000
f_5 22 0.000010 0.250000
f_5 23 0.100000 0.750000
f_5 23 0.010000 0.750000
f_5 23 0.001000 0.750000
f_5 23 0.000100 0.750000
f_5 23 0.000010 0.625000
f_5 24 0.100000 0.625000
f_5 24 0.010000 0.625000
f_5 24 0.001000 0.625000
f_5 24 0.000100 0.625000
f_5 24 0.000010 0.625000
f_5 25 0.100000 0.500000
f_5 25 0.010000 0.500000
f_5 25 0.001000 0.500000
f_5 25 0.000100 0.500000
f_5 25 0.000010 0.500000
