f_6 1 0.100000 0.218750
f_6 1 0.010000 0.218750
f_6 1 0.001000 0.218750
f_6 1 0.000100 0.218750
f_6 1 0.000010 0.218750
f_6 2 0.100000 0.218750
f_6 2 0.010000 0.218750
f_6 2 0.001000 0.218750
f_6 2 0.000100 0.218750
f_6 2 0.000010 0.093750
f_6 3 0.100000 0.187500
f_6 3 0.010000 0.187500
f_6 3 0.001000 0.187500
f_6 3 0.000100 0.187500
f_6 3 0.000010 0.187500
f_6 4 0.100000 0.156250
f_6 4 0.010000 0.156250
f_6 4 0.001000 0.156250
f_6 4 0.000100 0.156250
f_6 4 0.000010 0.125000
f_6 5 0.100000 0.187500
f_6 5 0.010000 0.187500
f_6 5 0.001000 0.187500
f_6 5 0.000100 0.187500
f_6 5 0.000010 0.156250
f_6 6 0.100000 0.218750
f_6 6 0.010000 0.218750
f_6 6 0.001000 0.218750
f_6 6 0.000100 0.218750
f_6 6 0.000010 0.125000
f_6 7 0.100000 0.250000
f_6 7 0.010000 0.250000
f_6 7 0.001000 0.250000
f_6 7 0.000100 0.250000
f_6 7 0.000010 0.250000
f_6 8 0.100000 0.187500
f_6 8 0.010000 0.187500
f_6 8 0.001000 0.187500
f_6 8 0.000100 0.187500
f_6 8 0.000010 0.187500
f_6 9 0.100000 0.187500
f_6 9 0.010000 0.187500
f_6 9 0.001000 0.187500
f_6 9 0.000100 0.187500
f_6 9 0.000010 0.187500
f_6 10 0.100000 0.187500
f_6 10 0.010000 0.187500
f_6 10 0.001000 0.187500
f_6 10 0.000100 0.187500
f_6 10 0.000010 0.187500
f_6 11 0.100000 0.156250
f_6 11 0.010000 0.156250
f_6 11 0.001000 0.156250
f_6 11 0.000100 0.156250
f_6 11 0.000010 0.125000
f_6 12 0.100000 0.156250
f_6 12 0.010000 0.156250
f_6 12 0.001000 0.156250
f_6 12 0.000100 0.156250
f_6 12 0.000010 0.156250
f_6 13 0.100000 0.281250
f_6 13 0.010000 0.281250
f_6 13 0.001000 0.093750
f_6 13 0.000100 0.000000
f_6 13 0.000010 0.000000
f_6 14 0.100000 0.218750
f_6 14 0.010000 0.218750
f_6 14 0.001000 0.218750
f_6 14 0.000100 0.156250
f_6 14 0.000010 0.156250
f_6 15 0.100000 0.218750
f_6 15 0.010000 0.218750
f_6 15 0.001000 0.218750
f_6 15 0.000100 0.218750
f_6 15 0.000010 0.156250
f_6 16 0.100000 0.187500
f_6 16 0.010000 0.187500
f_6 16 0.001000 0.187500
f_6 16 0.000100 0.187500
f_6 16 0.000010 0.187500
f_6 17 0.100000 0.187500
f_6 17 0.010000 0.187500
f_6 17 0.001000 0.187500
f_6 17 0.000100 0.187500
f_6 17 0.000010 0.187500
f_6 18 0.100000 0.156250
f_6 18 0.010000 0.156250
f_6 18 0.001000 0.156250
f_6 18 0.000100 0.093750
f_6 18 0.000010 0.031250
f_6 19 0.100000 0.250000
f_6 19 0.010000 0.156250
f_6 19 0.001000 0.000000
f_6 19 0.000100 0.000000
f_6 19 0.000010 0.000000
f_6 20 0.100000 0.187500
f_6 20 0.010000 0.187500
f_6 20 0.001000 0.187500
f_6 20 0.000100 0.187500
f_6 20 0.000010 0.187500
f_6 21 0.100000 0.156250
f_6 21 0.010000 0.156250
f_6 21 0.001000 0.156250
f_6 21 0.000100 0.156250
f_6 21 0.000010 0.156250
f_6 22 0.100000 0.125000
f_6 22 0.010000 0.125000
f_6 22 0.001000 0.125000
f_6 22 0.000100 0.125000
f_6 22 0.000010 0.125000
f_6 23 0.100000 0.187500
f_6 23 0.010000 0.187500
f_6 23 0.001000 0.187500
f_6 23 0.000100 0.187500
f_6 23 0.000010 0.187500
f_6 24 0.100000 0.156250
f_6 24 0.010000 0.156250
f_6 24 0.001000 0.156250
f_6 24 0.000100 0.156250
f_6 24 0.000010 0.156250
f_6 25 0.100000 0.218750
f_6 25 0.010000 0.218750
f_6 25 0.001000 0.218750
f_6 25 0.000100 0.187500
f_6 25 0.000010 0.125000
