f_1 1 0.100000 1.000000
f_1 1 0.010000 1.000000
f_1 1 0.001000 1.000000
f_1 1 0.000100 1.000000
f_1 1 0.000010 1.000000
f_1 2 0.100000 1.000000
f_1 2 0.010000 1.000000
f_1 2 0.001000 1.000000
f_1 2 0.000100 1.000000
f_1 2 0.000010 1.000000
f_1 3 0.100000 0.500000
f_1 3 0.010000 0.500000
f_1 3 0.001000 0.500000
f_1 3 0.000100 0.500000
f_1 3 0.000010 0.500000
f_1 4 0.100000 1.000000
f_1 4 0.010000 1.000000
f_1 4 0.001000 1.000000
f_1 4 0.000100 1.000000
f_1 4 0.000010 1.000000
f_1 5 0.100000 1.000000
f_1 5 0.010000 1.000000
f_1 5 0.001000 1.000000
f_1 5 0.000100 1.000000
f_1 5 0.000010 1.000000
f_1 6 0.100000 0.500000
f_1 6 0.010000 0.500000
f_1 6 0.001000 0.500000
f_1 6 0.000100 0.500000
f_1 6 0.000010 0.500000
f_1 7 0.100000 0.500000
f_1 7 0.010000 0.500000
f_1 7 0.001000 0.500000
f_1 7 0.000100 0.500000
f_1 7 0.000010 0.500000
f_1 8 0.100000 1.000000
f_1 8 0.010000 1.000000
f_1 8 0.001000 1.000000
f_1 8 0.000100 1.000000
f_1 8 0.000010 1.000000
f_1 9 0.100000 1.000000
f_1 9 0.010000 1.000000
f_1 9 0.001000 1.000000
f_1 9 0.000100 1.000000
f_1 9 0.000010 1.000000
f_1 10 0.100000 1.000000
f_1 10 0.010000 1.000000
f_1 10 0.001000 1.000000
f_1 10 0.000100 1.000000
f_1 10 0.000010 1.000000
f_1 11 0.100000 1.000000
f_1 11 0.010000 1.000000
f_1 11 0.001000 1.000000
f_1 11 0.000100 1.000000
f_1 11 0.000010 1.000000
f_1 12 0.100000 1.000000
f_1 12 0.010000 1.000000
f_1 12 0.001000 1.000000
f_1 12 0.000100 1.000000
f_1 12 0.000010 1.000000
f_1 13 0.100000 1.000000
f_1 13 0.010000 1.000000
f_1 13 0.001000 1.000000
f_1 13 0.000100 1.000000
f_1 13 0.000010 1.000000
f_1 14 0.100000 0.500000
f_1 14 0.010000 0.500000
f_1 14 0.001000 0.500000
f_1 14 0.000100 0.500000
f_1 14 0.000010 0.500000
f_1 15 0.100000 1.000000
f_1 15 0.010000 1.000000
f_1 15 0.001000 1.000000
f_1 15 0.000100 1.000000
f_1 15 0.000010 1.000000
f_1 16 0.100000 1.000000
f_1 16 0.010000 1.000000
f_1 16 0.001000 1.000000
f_1 16 0.000100 1.000000
f_1 16 0.000010 1.000000
f_1 17 0.100000 1.000000
f_1 17 0.010000 1.000000
f_1 17 0.001000 1.000000
f_1 17 0.000100 1.000000
f_1 17 0.000010 1.000000
f_1 18 0.100000 1.000000
f_1 18 0.010000 1.000000
f_1 18 0.001000 1.000000
f_1 18 0.000100 1.000000
f_1 18 0.000010 1.000000
f_1 19 0.100000 0.500000
f_1 19 0.010000 0.500000
f_1 19 0.001000 0.500000
f_1 19 0.000100 0.500000
f_1 19 0.000010 0.500000
f_1 20 0.100000 1.000000
f_1 20 0.010000 1.000000
f_1 20 0.001000 1.000000
f_1 20 0.000100 1.000000
f_1 20 0.000010 1.000000
f_1 21 0.100000 0.500000
f_1 21 0.010000 0.500000
f_1 21 0.001000 0.500000
f_1 21 0.000100 0.500000
f_1 21 0.000010 0.500000
f_1 22 0.100000 1.000000
f_1 22 0.010000 1.000000
f_1 22 0.001000 1.000000
f_1 22 0.000100 1.000000
f_1 22 0.000010 1.000000
f_1 23 0.100000 1.000000
f_1 23 0.010000 1.000000
f_1 23 0.001000 1.000000
f_1 23 0.000100 1.000000
f_1 23 0.000010 1.000000
f_1 24 0.100000 1.000000
f_1 24 0.010000 1.000000
f_1 24 0.001000 1.000000
f_1 24 0.000100 1.000000
f_1 24 0.000010 1.000000
f_1 25 0.100000 1.000000
f_1 25 0.010000 1.000000
f_1 25 0.001000 1.000000
f_1 25 0.000100 1.000000
f_1 25 0.000010 1.000000
