f_13 1 0.100000 1.000000
f_13 1 0.010000 1.000000
f_13 1 0.001000 1.000000
f_13 1 0.000100 1.000000
f_13 1 0.000010 1.000000
f_13 2 0.100000 1.000000
f_13 2 0.010000 1.000000
f_13 2 0.001000 1.000000
f_13 2 0.000100 1.000000
f_13 2 0.000010 1.000000
f_13 3 0.100000 1.000000
f_13 3 0.010000 1.000000
f_13 3 0.001000 1.000000
f_13 3 0.000100 1.000000
f_13 3 0.000010 1.000000
f_13 4 0.100000 0.500000
f_13 4 0.010000 0.500000
f_13 4 0.001000 0.500000
f_13 4 0.000100 0.500000
f_13 4 0.000010 0.500000
f_13 5 0.100000 1.000000
f_13 5 0.010000 1.000000
f_13 5 0.001000 1.000000
f_13 5 0.000100 1.000000
f_13 5 0.000010 1.000000
f_13 6 0.100000 1.000000
f_13 6 0.010000 1.000000
f_13 6 0.001000 1.000000
f_13 6 0.000100 1.000000
f_13 6 0.000010 1.000000
f_13 7 0.100000 1.000000
f_13 7 0.010000 1.000000
f_13 7 0.001000 1.000000
f_13 7 0.000100 1.000000
f_13 7 0.000010 1.000000
f_13 8 0.100000 1.000000
f_13 8 0.010000 1.000000
f_13 8 0.001000 1.000000
f_13 8 0.000100 1.000000
f_13 8 0.000010 1.000000
f_13 9 0.100000 1.000000
f_13 9 0.010000 1.000000
f_13 9 0.001000 1.000000
f_13 9 0.000100 1.000000
f_13 9 0.000010 1.000000
f_13 10 0.100000 1.000000
f_13 10 0.010000 1.000000
f_13 10 0.001000 1.000000
f_13 10 0.000100 1.000000
f_13 10 0.000010 1.000000
f_13 11 0.100000 1.000000
f_13 11 0.010000 1.000000
f_13 11 0.001000 1.000000
f_13 11 0.000100 1.000000
f_13 11 0.000010 1.000000
f_13 12 0.100000 1.000000
f_13 12 0.010000 1.000000
f_13 12 0.001000 1.000000
f_13 12 0.000100 1.000000
f_13 12 0.000010 1.000000
f_13 13 0.100000 1.000000
f_13 13 0.010000 1.000000
f_13 13 0.001000 1.000000
f_13 13 0.000100 1.000000
f_13 13 0.000010 1.000000
f_13 14 0.100000 1.000000
f_13 14 0.010000 1.000000
f_13 14 0.001000 1.000000
f_13 14 0.000100 1.000000
f_13 14 0.000010 1.000000
f_13 15 0.100000 1.000000
f_13 15 0.010000 1.000000
f_13 15 0.001000 1.000000
f_13 15 0.000100 1.000000
f_13 15 0.000010 1.000000
f_13 16 0.100000 1.000000
f_13 16 0.010000 1.000000
f_13 16 0.001000 1.000000
f_13 16 0.000100 1.000000
f_13 16 0.000010 1.000000
f_13 17 0.100000 1.000000
f_13 17 0.010000 1.000000
f_13 17 0.001000 1.000000
f_13 17 0.000100 1.000000
f_13 17 0.000010 1.000000
f_13 18 0.100000 1.000000
f_13 18 0.010000 1.000000
f_13 18 0.001000 1.000000
f_13 18 0.000100 1.000000
f_13 18 0.000010 1.000000
f_13 19 0.100000 1.000000
f_13 19 0.010000 1.000000
f_13 19 0.001000 1.000000
f_13 19 0.000100 1.000000
f_13 19 0.000010 1.000000
f_13 20 0.100000 1.000000
f_13 20 0.010000 1.000000
f_13 20 0.001000 1.000000
f_13 20 0.000100 1.000000
f_13 20 0.000010 1.000000
f_13 21 0.100000 1.000000
f_13 21 0.010000 1.000000
f_13 21 0.001000 1.000000
f_13 21 0.000100 1.000000
f_13 21 0.000010 1.000000
f_13 22 0.100000 1.000000
f_13 22 0.010000 1.000000
f_13 22 0.001000 1.000000
f_13 22 0.000100 1.000000
f_13 22 0.000010 1.000000
f_13 23 0.100000 1.000000
f_13 23 0.010000 1.000000
f_13 23 0.001000 1.000000
f_13 23 0.000100 1.000000
f_13 23 0.000010 1.000000
f_13 24 0.100000 1.000000
f_13 24 0.010000 1.000000
f_13 24 0.001000 1.000000
f_13 24 0.000100 1.000000
f_13 24 0.000010 1.000000
f_13 25 0.100000 1.000000
f_13 25 0.010000 1.000000
f_13 25 0.001000 1.000000
f_13 25 0.000100 1.000000
f_13 25 0.000010 1.000000
