f_16 1 0.100000 0.583333
f_16 1 0.010000 0.083333
f_16 1 0.001000 0.000000
f_16 1 0.000100 0.000000
f_16 1 0.000010 0.000000
f_16 2 0.100000 0.166667
f_16 2 0.010000 0.166667
f_16 2 0.001000 0.166667
f_16 2 0.000100 0.166667
f_16 2 0.000010 0.125000
f_16 3 0.100000 0.541667
f_16 3 0.010000 0.333333
f_16 3 0.001000 0.125000
f_16 3 0.000100 0.000000
f_16 3 0.000010 0.000000
f_16 4 0.100000 0.166667
f_16 4 0.010000 0.166667
f_16 4 0.001000 0.166667
f_16 4 0.000100 0.166667
f_16 4 0.000010 0.166667
f_16 5 0.100000 0.166667
f_16 5 0.010000 0.166667
f_16 5 0.001000 0.166667
f_16 5 0.000100 0.166667
f_16 5 0.000010 0.166667
f_16 6 0.100000 0.166667
f_16 6 0.010000 0.166667
f_16 6 0.001000 0.166667
f_16 6 0.000100 0.166667
f_16 6 0.000010 0.166667
f_16 7 0.100000 0.166667
f_16 7 0.010000 0.166667
f_16 7 0.001000 0.166667
f_16 7 0.000100 0.166667
f_16 7 0.000010 0.166667
f_16 8 0.100000 0.625000
f_16 8 0.010000 0.000000
f_16 8 0.001000 0.000000
f_16 8 0.000100 0.000000
f_16 8 0.000010 0.000000
f_16 9 0.100000 0.166667
f_16 9 0.010000 0.166667
f_16 9 0.001000 0.166667
f_16 9 0.000100 0.166667
f_16 9 0.000010 0.166667
f_16 10 0.100000 0.458333
f_16 10 0.010000 0.083333
f_16 10 0.001000 0.000000
f_16 10 0.000100 0.000000
f_16 10 0.000010 0.000000
f_16 11 0.100000 0.166667
f_16 11 0.010000 0.166667
f_16 11 0.001000 0.166667
f_16 11 0.000100 0.166667
f_16 11 0.000010 0.166667
f_16 12 0.100000 0.166667
f_16 12 0.010000 0.166667
f_16 12 0.001000 0.166667
f_16 12 0.000100 0.166667
f_16 12 0.000010 0.125000
f_16 13 0.100000 0.583333
f_16 13 0.010000 0.000000
f_16 13 0.001000 0.000000
f_16 13 0.000100 0.000000
f_16 13 0.000010 0.000000
f_16 14 0.100000 0.166667
f_16 14 0.010000 0.166667
f_16 14 0.001000 0.166667
f_16 14 0.000100 0.166667
f_16 14 0.000010 0.166667
f_16 15 0.100000 0.333333
f_16 15 0.010000 0.083333
f_16 15 0.001000 0.000000
f_16 15 0.000100 0.000000
f_16 15 0.000010 0.000000
f_16 16 0.100000 0.458333
f_16 16 0.010000 0.083333
f_16 16 0.001000 0.000000
f_16 16 0.000100 0.000000
f_16 16 0.000010 0.000000
f_16 17 0.100000 0.416667
f_16 17 0.010000 0.041667
f_16 17 0.001000 0.000000
f_16 17 0.000100 0.000000
f_16 17 0.000010 0.000000
f_16 18 0.100000 0.166667
f_16 18 0.010000 0.166667
f_16 18 0.001000 0.166667
f_16 18 0.000100 0.166667
f_16 18 0.000010 0.166667
f_16 19 0.100000 0.416667
f_16 19 0.010000 0.125000
f_16 19 0.001000 0.083333
f_16 19 0.000100 0.083333
f_16 19 0.000010 0.041667
f_16 20 0.100000 0.166667
f_16 20 0.010000 0.166667
f_16 20 0.001000 0.166667
f_16 20 0.000100 0.166667
f_16 20 0.000010 0.166667
f_16 21 0.100000 0.208333
f_16 21 0.010000 0.041667
f_16 21 0.001000 0.000000
f_16 21 0.000100 0.000000
f_16 21 0.000010 0.000000
f_16 22 0.100000 0.333333
f_16 22 0.010000 0.166667
f_16 22 0.001000 0.041667
f_16 22 0.000100 0.000000
f_16 22 0.000010 0.000000
f_16 23 0.100000 0.416667
f_16 23 0.010000 0.083333
f_16 23 0.001000 0.000000
f_16 23 0.000100 0.000000
f_16 23 0.000010 0.000000
f_16 24 0.100000 0.125000
f_16 24 0.010000 0.125000
f_16 24 0.001000 0.125000
f_16 24 0.000100 0.125000
f_16 24 0.000010 0.125000
f_16 25 0.100000 0.166667
f_16 25 0.010000 0.166667
f_16 25 0.001000 0.166667
f_16 25 0.000100 0.166667
f_16 25 0.000010 0.166667
